A = [2 3 ; 7 5 ; 7 8];
A(:,5)=[5;3;6]